3.202971032970673981e-01
5.324450020504375436e-01
5.256991163259719935e-01
6.002400464086996568e-01
3.551050067780988084e-01
5.542021060522903664e-01
6.374394193721991675e-01
4.567308991698016407e-01
4.931370106761593375e-01
4.675802758914336943e-01
3.951270526649885428e-01
5.471278801054257901e-01
5.221166479750841694e-01
4.111111428982915372e-01
3.636952512795036951e-01
3.278267438980845272e-01
5.077599882341156112e-01
6.872664445847198600e-01
6.488313007295638535e-01
6.614798414365252732e-01
5.497045854477097260e-01
6.971210927430580018e-01
3.210095230567050484e-01
4.183711016578440800e-01
5.283222320980378583e-01
5.477399236911871805e-01
4.785933662655074139e-01
4.539829586046668086e-01
5.762935194046989729e-01
4.978001577511979026e-01
5.920772223665997647e-01
4.286243911724230693e-01
5.612063850199594528e-01
4.940666321957859486e-01
5.724094833674163718e-01
5.204593034672393426e-01
4.569382705815297485e-01
3.766435134062705581e-01
3.512434464086202635e-01
3.725008132199034705e-01
5.155024350141947931e-01
5.756310683176922849e-01
7.698681920437036030e-01
5.001928381911860955e-01
6.030099532141049989e-01
5.877155400732699819e-01
3.548968852698896059e-01
6.605262648826282224e-01
5.461686661977150914e-01
2.992029388894479336e-01
4.119061325063506085e-01
4.632686823074677052e-01
5.834013864628200263e-01
5.156334715024574189e-01
5.532447493303800368e-01
4.519151312550916955e-01
2.936156431504455266e-01
4.153153936569038418e-01
6.019625185999433192e-01
3.853380121102756295e-01
5.740193503600433678e-01
4.895141143286184104e-01
6.106103900079520308e-01
4.190780341422481459e-01
4.921002558641178193e-01
4.731652156805435938e-01
5.754912903778689470e-01
7.576916325233004068e-01
5.964033375824031591e-01
4.966041489471948456e-01
5.277849002178843785e-01
3.769888101976056616e-01
4.301063147687488875e-01
3.608706131666129524e-01
5.027797838527241492e-01
5.207781629134878854e-01
4.651160442107659665e-01
2.584608402383401504e-01
5.189813839012203944e-01
4.393131049365976426e-01
6.289890420419012029e-01
5.390360318787708049e-01
4.182691380091692057e-01
6.320124857988134170e-01
4.208309358327544936e-01
4.124657737230483789e-01
6.756063030682717407e-01
5.325801433720854794e-01
7.422074735543815471e-01
4.864792929807962296e-01
5.033304547672018403e-01
4.397037792425213532e-01
4.837050880104826200e-01
7.329475804913296866e-01
4.890106039194084819e-01
6.567832738080523480e-01
4.347610886733113689e-01
5.099146575348951771e-01
4.559717982137200809e-01
6.710843600652436347e-01
